# unix_time, cycles_done, cur_path, paths_total, pending_total, pending_favs, map_size, unique_crashes, unique_hangs, max_depth, execs_per_sec
1778019530, 18446744073709551615, 0, 1, 1, 1, 0.00%, 0, 0, 1, 0.00
1778019534, 0, 0, 1, 1, 1, 0.12%, 0, 0, 1, inf
1778019539, 0, 0, 103, 103, 1, 0.24%, 19, 0, 2, 1377.67
1778019544, 0, 0, 109, 109, 1, 0.24%, 21, 0, 2, 1266.41
1778019550, 0, 0, 116, 116, 1, 0.24%, 22, 0, 2, 1303.93
1778019555, 0, 0, 122, 122, 1, 0.24%, 22, 0, 2, 1287.15
1778019560, 0, 0, 124, 124, 1, 0.24%, 22, 0, 2, 1285.28
1778019565, 0, 13, 125, 123, 17, 0.24%, 22, 0, 3, 1265.70
1778019570, 0, 19, 125, 120, 14, 0.24%, 23, 0, 3, 1102.87
1778019575, 0, 46, 126, 117, 10, 0.24%, 23, 0, 3, 1483.29
1778019580, 0, 58, 126, 115, 8, 0.24%, 23, 0, 3, 3009.50
1778019585, 0, 69, 126, 114, 7, 0.24%, 23, 0, 3, 4777.79
1778019590, 0, 69, 137, 125, 7, 0.24%, 23, 0, 3, 2287.73
1778019595, 0, 69, 140, 128, 7, 0.24%, 23, 0, 3, 1593.82
1778019605, 0, 88, 141, 127, 8, 0.24%, 23, 0, 3, 4170.24
1778019611, 0, 98, 142, 125, 5, 0.24%, 23, 0, 3, 5162.01
1778019621, 0, 103, 142, 124, 4, 0.24%, 23, 0, 3, 4656.64
1778019626, 0, 112, 142, 123, 3, 0.24%, 23, 0, 3, 4190.93
1778019631, 0, 128, 142, 122, 3, 0.24%, 23, 0, 3, 5171.77
1778019636, 0, 140, 143, 122, 2, 0.24%, 23, 0, 4, 3981.88
1778019641, 0, 140, 150, 129, 2, 0.24%, 23, 0, 4, 3516.02
1778019646, 0, 140, 151, 130, 2, 0.24%, 23, 0, 4, 2630.97
1778019652, 0, 140, 152, 131, 2, 0.24%, 23, 0, 4, 2414.81
1778019657, 1, 36, 152, 126, 0, 0.24%, 23, 0, 4, 4596.57
1778019662, 1, 43, 152, 125, 0, 0.24%, 23, 0, 4, 5185.65
1778019667, 1, 46, 152, 124, 0, 0.24%, 23, 0, 4, 4049.16
1778019672, 1, 54, 152, 122, 0, 0.24%, 23, 0, 4, 6085.08
1778019677, 1, 56, 152, 121, 0, 0.24%, 23, 0, 4, 5028.13
1778019682, 1, 63, 153, 120, 0, 0.24%, 23, 0, 4, 6568.55
1778019687, 1, 81, 154, 119, 0, 0.24%, 23, 0, 4, 1264.79
1778019698, 1, 81, 158, 123, 0, 0.24%, 23, 0, 4, 2487.22
1778019703, 1, 81, 159, 124, 0, 0.24%, 23, 0, 4, 1477.83
1778019718, 1, 81, 161, 126, 0, 0.24%, 23, 0, 4, 1199.29
1778019723, 1, 87, 161, 125, 0, 0.24%, 23, 0, 4, 9394.50
1778019728, 1, 97, 161, 123, 0, 0.24%, 23, 0, 4, 6991.73
1778019738, 1, 99, 161, 122, 0, 0.24%, 23, 0, 4, 3801.30
1778019749, 1, 114, 161, 121, 0, 0.24%, 23, 0, 4, 5225.41
1778019754, 1, 115, 162, 121, 0, 0.24%, 23, 0, 4, 5848.40
1778019764, 1, 115, 165, 124, 0, 0.24%, 23, 0, 4, 2900.97
1778019769, 1, 115, 166, 125, 0, 0.24%, 23, 0, 4, 1708.10
1778019774, 1, 115, 170, 129, 0, 0.24%, 23, 0, 4, 1449.14
1778019784, 1, 115, 171, 130, 0, 0.24%, 23, 0, 4, 1398.69
1778019789, 1, 118, 171, 129, 0, 0.24%, 23, 0, 4, 2850.08
1778019799, 1, 120, 173, 130, 0, 0.24%, 23, 0, 4, 3722.83
1778019805, 1, 133, 173, 128, 0, 0.24%, 23, 0, 4, 3647.87
1778019810, 1, 142, 173, 127, 0, 0.24%, 23, 0, 4, 4282.60
1778019825, 1, 142, 175, 129, 0, 0.24%, 23, 0, 5, 2040.17
1778019830, 1, 142, 176, 130, 0, 0.24%, 23, 0, 5, 1447.75
1778019845, 1, 145, 177, 130, 0, 0.24%, 23, 0, 5, 7628.72
1778019851, 1, 145, 179, 132, 0, 0.24%, 23, 0, 5, 3697.74
1778019856, 1, 155, 179, 131, 0, 0.24%, 23, 0, 5, 4811.51
1778019861, 1, 155, 183, 135, 0, 0.24%, 23, 0, 5, 1386.68
1778019866, 1, 155, 184, 136, 0, 0.24%, 23, 0, 5, 1512.05
1778019876, 1, 155, 185, 137, 0, 0.24%, 23, 0, 5, 1529.41
1778019881, 1, 156, 185, 136, 0, 0.24%, 23, 0, 5, 1880.40
1778019897, 1, 159, 185, 135, 0, 0.24%, 23, 0, 5, 4122.12
1778019907, 1, 162, 186, 135, 0, 0.24%, 23, 0, 5, 3183.24
1778019933, 1, 162, 188, 137, 0, 0.24%, 23, 0, 5, 2159.46
1778019938, 1, 162, 191, 140, 0, 0.24%, 23, 0, 5, 1272.64
1778019943, 1, 162, 194, 143, 0, 0.24%, 23, 0, 5, 1092.82
1778019958, 2, 31, 194, 140, 0, 0.24%, 23, 0, 5, 6813.95
1778019963, 2, 42, 194, 138, 0, 0.24%, 23, 0, 5, 5424.83
1778019968, 2, 67, 194, 135, 0, 0.24%, 23, 0, 5, 6120.61
1778019973, 2, 73, 194, 134, 0, 0.24%, 23, 0, 5, 4841.05
1778019989, 2, 92, 194, 132, 0, 0.24%, 23, 0, 5, 5803.03
1778019994, 2, 100, 194, 130, 0, 0.24%, 23, 0, 5, 7288.26
1778019999, 2, 102, 194, 129, 0, 0.24%, 23, 0, 5, 5853.52
1778020009, 2, 108, 194, 128, 0, 0.24%, 23, 0, 5, 2505.55
1778020025, 2, 116, 194, 127, 0, 0.24%, 23, 0, 5, 2565.50
1778020040, 2, 117, 194, 126, 0, 0.24%, 23, 0, 5, 3298.04
1778020050, 2, 121, 194, 125, 0, 0.24%, 23, 0, 5, 3241.70
1778020066, 2, 131, 195, 125, 0, 0.24%, 23, 0, 5, 3776.76
1778020086, 2, 135, 195, 124, 0, 0.24%, 23, 0, 5, 2161.09
1778020116, 2, 136, 195, 123, 0, 0.24%, 23, 0, 5, 3595.69
1778020132, 2, 137, 195, 122, 0, 0.24%, 23, 0, 5, 3737.82
1778020142, 2, 137, 197, 124, 0, 0.24%, 23, 0, 5, 3396.08
1778020147, 2, 137, 214, 141, 0, 0.24%, 23, 0, 5, 2399.11
1778020152, 2, 147, 215, 141, 0, 0.24%, 23, 0, 5, 3405.80
1778020157, 2, 148, 218, 143, 0, 0.24%, 23, 0, 5, 5546.46
1778020162, 2, 148, 223, 148, 0, 0.24%, 23, 0, 5, 3424.49
1778020167, 2, 148, 226, 151, 0, 0.24%, 23, 0, 5, 2967.29
1778020172, 2, 149, 230, 154, 0, 0.24%, 23, 0, 5, 4111.79
1778020177, 2, 149, 233, 157, 0, 0.24%, 23, 0, 5, 3199.56
1778020183, 2, 151, 233, 156, 0, 0.24%, 23, 0, 5, 4314.75
1778020188, 2, 152, 233, 155, 0, 0.24%, 23, 0, 5, 5038.91
1778020198, 2, 153, 233, 154, 0, 0.24%, 23, 0, 5, 938.69
1778020208, 2, 154, 233, 153, 0, 0.24%, 23, 0, 5, 2119.95
1778020229, 2, 157, 233, 152, 0, 0.24%, 23, 0, 5, 6910.11
1778020234, 2, 172, 233, 151, 0, 0.24%, 23, 0, 5, 7288.23
1778020239, 2, 174, 233, 150, 0, 0.24%, 23, 0, 5, 5530.17
1778020264, 2, 175, 233, 149, 0, 0.24%, 23, 0, 5, 2828.49
1778020290, 2, 175, 235, 151, 0, 0.24%, 23, 0, 6, 2010.21
1778020295, 2, 175, 237, 153, 0, 0.24%, 23, 0, 6, 1752.43
1778020300, 2, 180, 237, 152, 0, 0.24%, 23, 0, 6, 2700.00
1778020311, 2, 183, 237, 151, 0, 0.24%, 23, 0, 6, 4431.53
1778020326, 2, 185, 237, 150, 0, 0.24%, 23, 0, 6, 4911.69
1778020341, 2, 189, 237, 149, 0, 0.24%, 23, 0, 6, 2981.39
1778020378, 2, 189, 239, 151, 0, 0.24%, 23, 0, 6, 1733.85
1778020388, 2, 190, 239, 150, 0, 0.24%, 23, 0, 6, 2351.68
1778020423, 2, 190, 240, 151, 0, 0.24%, 23, 0, 6, 1844.41
1778020429, 2, 190, 241, 152, 0, 0.24%, 23, 0, 6, 1543.83
1778020434, 2, 191, 242, 152, 0, 0.24%, 23, 0, 6, 1966.88
1778020464, 2, 195, 242, 151, 0, 0.24%, 23, 0, 6, 6931.00
1778020469, 2, 200, 242, 150, 0, 0.24%, 23, 0, 6, 4392.18
1778020954, 2, 202, 242, 149, 0, 0.24%, 23, 0, 6, 4683.66
1778021031, 2, 203, 242, 148, 0, 0.24%, 23, 0, 6, 1721.48
1778021051, 2, 207, 242, 146, 0, 0.24%, 23, 0, 6, 3093.55
1778021174, 2, 209, 242, 145, 0, 0.24%, 23, 0, 6, 3424.65
1778021210, 2, 209, 243, 146, 0, 0.24%, 23, 0, 6, 1636.44
1778021215, 2, 210, 243, 145, 0, 0.24%, 23, 0, 6, 6891.27
1778021225, 2, 212, 244, 145, 0, 0.24%, 23, 0, 6, 8031.90
1778021246, 2, 214, 244, 144, 0, 0.24%, 23, 0, 6, 7160.14
1778021424, 2, 215, 244, 143, 0, 0.24%, 23, 0, 6, 6264.72
1778021460, 2, 218, 244, 142, 0, 0.24%, 23, 0, 6, 6664.84
1778021608, 2, 219, 244, 141, 0, 0.24%, 23, 0, 6, 6415.73
1778021721, 2, 220, 244, 140, 0, 0.24%, 23, 0, 6, 3436.21
1778021746, 2, 222, 244, 139, 0, 0.24%, 23, 0, 6, 5355.63
1778021884, 2, 224, 244, 138, 0, 0.24%, 23, 0, 6, 7165.44
